bug,class,method,line
80,com.google.javascript.jscomp.AbstractCompiler,<clinit>,36
80,com.google.javascript.jscomp.AbstractCompiler,<init>,35
80,com.google.javascript.jscomp.AbstractCompiler,<init>,39
80,com.google.javascript.jscomp.AbstractCompiler,<init>,259
80,com.google.javascript.jscomp.AbstractCompiler$LifeCycleStage,<clinit>,259
80,com.google.javascript.jscomp.AbstractCompiler$LifeCycleStage,<clinit>,260
80,com.google.javascript.jscomp.AbstractCompiler$LifeCycleStage,<clinit>,263
80,com.google.javascript.jscomp.AbstractCompiler$LifeCycleStage,<clinit>,268
80,com.google.javascript.jscomp.AbstractMessageFormatter,<clinit>,47
80,com.google.javascript.jscomp.AbstractMessageFormatter,<init>,32
80,com.google.javascript.jscomp.AbstractMessageFormatter,<init>,33
80,com.google.javascript.jscomp.AbstractMessageFormatter,<init>,34
80,com.google.javascript.jscomp.AbstractMessageFormatter,setColorize,37
80,com.google.javascript.jscomp.AbstractMessageFormatter,setColorize,38
80,com.google.javascript.jscomp.AnonymousFunctionNamingPolicy,<clinit>,23
80,com.google.javascript.jscomp.AnonymousFunctionNamingPolicy,<clinit>,26
80,com.google.javascript.jscomp.AnonymousFunctionNamingPolicy,<clinit>,34
80,com.google.javascript.jscomp.AnonymousFunctionNamingPolicy,<clinit>,42
80,com.google.javascript.jscomp.AnonymousFunctionNamingPolicy,<init>,47
80,com.google.javascript.jscomp.AnonymousFunctionNamingPolicy,<init>,48
80,com.google.javascript.jscomp.AnonymousFunctionNamingPolicy,<init>,49
80,com.google.javascript.jscomp.BasicErrorManager,<init>,37
80,com.google.javascript.jscomp.BasicErrorManager,<init>,38
80,com.google.javascript.jscomp.BasicErrorManager,<init>,40
80,com.google.javascript.jscomp.BasicErrorManager,<init>,41
80,com.google.javascript.jscomp.BasicErrorManager,<init>,42
80,com.google.javascript.jscomp.BasicErrorManager,<init>,173
80,com.google.javascript.jscomp.BasicErrorManager,getErrorCount,73
80,com.google.javascript.jscomp.BasicErrorManager$LeveledJSErrorComparator,compare,115
80,com.google.javascript.jscomp.CheckAccessControls,<clinit>,50
80,com.google.javascript.jscomp.CheckAccessControls,<clinit>,54
80,com.google.javascript.jscomp.CheckAccessControls,<clinit>,58
80,com.google.javascript.jscomp.CheckAccessControls,<clinit>,62
80,com.google.javascript.jscomp.CheckAccessControls,<clinit>,66
80,com.google.javascript.jscomp.CheckAccessControls,<clinit>,70
80,com.google.javascript.jscomp.CheckAccessControls,<clinit>,74
80,com.google.javascript.jscomp.CheckAccessControls,<clinit>,79
80,com.google.javascript.jscomp.CheckAccessControls,<clinit>,84
80,com.google.javascript.jscomp.CheckAccessControls,<clinit>,89
80,com.google.javascript.jscomp.CheckAccessControls,<clinit>,94
80,com.google.javascript.jscomp.CheckGlobalNames,<clinit>,39
80,com.google.javascript.jscomp.CheckGlobalNames,<clinit>,43
80,com.google.javascript.jscomp.CheckLevel,<clinit>,24
80,com.google.javascript.jscomp.CheckLevel,<clinit>,25
80,com.google.javascript.jscomp.CheckLevel,<clinit>,26
80,com.google.javascript.jscomp.CheckLevel,<clinit>,27
80,com.google.javascript.jscomp.CheckRegExp,<clinit>,30
80,com.google.javascript.jscomp.CheckSideEffects,<clinit>,37
80,com.google.javascript.jscomp.CheckUnreachableCode,<clinit>,36
80,com.google.javascript.jscomp.ClosureCodingConvention,<clinit>,44
80,com.google.javascript.jscomp.ClosureCodingConvention,<init>,38
80,com.google.javascript.jscomp.ClosureCodingConvention,<init>,286
80,com.google.javascript.jscomp.CodeChangeHandler$RecentChange,<init>,35
80,com.google.javascript.jscomp.CodeChangeHandler$RecentChange,<init>,36
80,com.google.javascript.jscomp.CodeChangeHandler$RecentChange,hasCodeChanged,43
80,com.google.javascript.jscomp.Compiler,<init>,178
80,com.google.javascript.jscomp.Compiler,<init>,179
80,com.google.javascript.jscomp.Compiler,<init>,77
80,com.google.javascript.jscomp.Compiler,<init>,79
80,com.google.javascript.jscomp.Compiler,<init>,111
80,com.google.javascript.jscomp.Compiler,<init>,117
80,com.google.javascript.jscomp.Compiler,<init>,120
80,com.google.javascript.jscomp.Compiler,<init>,126
80,com.google.javascript.jscomp.Compiler,<init>,132
80,com.google.javascript.jscomp.Compiler,<init>,135
80,com.google.javascript.jscomp.Compiler,<init>,138
80,com.google.javascript.jscomp.Compiler,<init>,146
80,com.google.javascript.jscomp.Compiler,<init>,150
80,com.google.javascript.jscomp.Compiler,<init>,185
80,com.google.javascript.jscomp.Compiler,<init>,186
80,com.google.javascript.jscomp.Compiler,<init>,187
80,com.google.javascript.jscomp.Compiler,<init>,188
80,com.google.javascript.jscomp.Compiler,<init>,741
80,com.google.javascript.jscomp.Compiler,<init>,803
80,com.google.javascript.jscomp.Compiler,<init>,804
80,com.google.javascript.jscomp.Compiler,<init>,1583
80,com.google.javascript.jscomp.Compiler,<init>,1585
80,com.google.javascript.jscomp.Compiler,createMessageFormatter,214
80,com.google.javascript.jscomp.Compiler,createMessageFormatter,215
80,com.google.javascript.jscomp.Compiler,initOptions,223
80,com.google.javascript.jscomp.Compiler,initOptions,224
80,com.google.javascript.jscomp.Compiler,initOptions,225
80,com.google.javascript.jscomp.Compiler,initOptions,226
80,com.google.javascript.jscomp.Compiler,initOptions,237
80,com.google.javascript.jscomp.Compiler,initOptions,238
80,com.google.javascript.jscomp.Compiler,initOptions,241
80,com.google.javascript.jscomp.Compiler,initOptions,242
80,com.google.javascript.jscomp.Compiler,initOptions,251
80,com.google.javascript.jscomp.Compiler,initOptions,254
80,com.google.javascript.jscomp.Compiler,initOptions,257
80,com.google.javascript.jscomp.Compiler,initOptions,258
80,com.google.javascript.jscomp.Compiler,newTracer,833
80,com.google.javascript.jscomp.Compiler,newTracer,835
80,com.google.javascript.jscomp.Compiler,newTracer,838
80,com.google.javascript.jscomp.Compiler,setErrorManager,204
80,com.google.javascript.jscomp.Compiler,setErrorManager,206
80,com.google.javascript.jscomp.Compiler,setErrorManager,207
80,com.google.javascript.jscomp.Compiler,stopTracer,842
80,com.google.javascript.jscomp.Compiler,stopTracer,843
80,com.google.javascript.jscomp.Compiler,stopTracer,846
80,com.google.javascript.jscomp.Compiler$3,<init>,742
80,com.google.javascript.jscomp.CompilerInput,<init>,78
80,com.google.javascript.jscomp.CompilerInput,<init>,79
80,com.google.javascript.jscomp.CompilerInput,<init>,52
80,com.google.javascript.jscomp.CompilerInput,<init>,53
80,com.google.javascript.jscomp.CompilerInput,<init>,54
80,com.google.javascript.jscomp.CompilerInput,<init>,81
80,com.google.javascript.jscomp.CompilerInput,<init>,82
80,com.google.javascript.jscomp.CompilerInput,<init>,83
80,com.google.javascript.jscomp.CompilerInput,<init>,84
80,com.google.javascript.jscomp.CompilerInput,<init>,85
80,com.google.javascript.jscomp.CompilerInput,getAstRoot,102
80,com.google.javascript.jscomp.CompilerInput,getName,90
80,com.google.javascript.jscomp.CompilerOptions,<init>,82
80,com.google.javascript.jscomp.CompilerOptions,<init>,83
80,com.google.javascript.jscomp.CompilerOptions,<init>,87
80,com.google.javascript.jscomp.CompilerOptions,<init>,565
80,com.google.javascript.jscomp.CompilerOptions,<init>,580
80,com.google.javascript.jscomp.CompilerOptions,<init>,609
80,com.google.javascript.jscomp.CompilerOptions,<init>,613
80,com.google.javascript.jscomp.CompilerOptions,<init>,633
80,com.google.javascript.jscomp.CompilerOptions,<init>,635
80,com.google.javascript.jscomp.CompilerOptions,<init>,638
80,com.google.javascript.jscomp.CompilerOptions,<init>,639
80,com.google.javascript.jscomp.CompilerOptions,<init>,640
80,com.google.javascript.jscomp.CompilerOptions,<init>,641
80,com.google.javascript.jscomp.CompilerOptions,<init>,642
80,com.google.javascript.jscomp.CompilerOptions,<init>,643
80,com.google.javascript.jscomp.CompilerOptions,<init>,644
80,com.google.javascript.jscomp.CompilerOptions,<init>,645
80,com.google.javascript.jscomp.CompilerOptions,<init>,646
80,com.google.javascript.jscomp.CompilerOptions,<init>,647
80,com.google.javascript.jscomp.CompilerOptions,<init>,648
80,com.google.javascript.jscomp.CompilerOptions,<init>,649
80,com.google.javascript.jscomp.CompilerOptions,<init>,650
80,com.google.javascript.jscomp.CompilerOptions,<init>,651
80,com.google.javascript.jscomp.CompilerOptions,<init>,652
80,com.google.javascript.jscomp.CompilerOptions,<init>,653
80,com.google.javascript.jscomp.CompilerOptions,<init>,654
80,com.google.javascript.jscomp.CompilerOptions,<init>,655
80,com.google.javascript.jscomp.CompilerOptions,<init>,656
80,com.google.javascript.jscomp.CompilerOptions,<init>,657
80,com.google.javascript.jscomp.CompilerOptions,<init>,658
80,com.google.javascript.jscomp.CompilerOptions,<init>,659
80,com.google.javascript.jscomp.CompilerOptions,<init>,660
80,com.google.javascript.jscomp.CompilerOptions,<init>,661
80,com.google.javascript.jscomp.CompilerOptions,<init>,662
80,com.google.javascript.jscomp.CompilerOptions,<init>,663
80,com.google.javascript.jscomp.CompilerOptions,<init>,664
80,com.google.javascript.jscomp.CompilerOptions,<init>,665
80,com.google.javascript.jscomp.CompilerOptions,<init>,666
80,com.google.javascript.jscomp.CompilerOptions,<init>,667
80,com.google.javascript.jscomp.CompilerOptions,<init>,668
80,com.google.javascript.jscomp.CompilerOptions,<init>,669
80,com.google.javascript.jscomp.CompilerOptions,<init>,670
80,com.google.javascript.jscomp.CompilerOptions,<init>,671
80,com.google.javascript.jscomp.CompilerOptions,<init>,674
80,com.google.javascript.jscomp.CompilerOptions,<init>,675
80,com.google.javascript.jscomp.CompilerOptions,<init>,676
80,com.google.javascript.jscomp.CompilerOptions,<init>,677
80,com.google.javascript.jscomp.CompilerOptions,<init>,678
80,com.google.javascript.jscomp.CompilerOptions,<init>,679
80,com.google.javascript.jscomp.CompilerOptions,<init>,680
80,com.google.javascript.jscomp.CompilerOptions,<init>,681
80,com.google.javascript.jscomp.CompilerOptions,<init>,682
80,com.google.javascript.jscomp.CompilerOptions,<init>,683
80,com.google.javascript.jscomp.CompilerOptions,<init>,684
80,com.google.javascript.jscomp.CompilerOptions,<init>,685
80,com.google.javascript.jscomp.CompilerOptions,<init>,686
80,com.google.javascript.jscomp.CompilerOptions,<init>,687
80,com.google.javascript.jscomp.CompilerOptions,<init>,688
80,com.google.javascript.jscomp.CompilerOptions,<init>,689
80,com.google.javascript.jscomp.CompilerOptions,<init>,690
80,com.google.javascript.jscomp.CompilerOptions,<init>,691
80,com.google.javascript.jscomp.CompilerOptions,<init>,692
80,com.google.javascript.jscomp.CompilerOptions,<init>,693
80,com.google.javascript.jscomp.CompilerOptions,<init>,694
80,com.google.javascript.jscomp.CompilerOptions,<init>,695
80,com.google.javascript.jscomp.CompilerOptions,<init>,696
80,com.google.javascript.jscomp.CompilerOptions,<init>,697
80,com.google.javascript.jscomp.CompilerOptions,<init>,698
80,com.google.javascript.jscomp.CompilerOptions,<init>,699
80,com.google.javascript.jscomp.CompilerOptions,<init>,700
80,com.google.javascript.jscomp.CompilerOptions,<init>,701
80,com.google.javascript.jscomp.CompilerOptions,<init>,702
80,com.google.javascript.jscomp.CompilerOptions,<init>,703
80,com.google.javascript.jscomp.CompilerOptions,<init>,706
80,com.google.javascript.jscomp.CompilerOptions,<init>,707
80,com.google.javascript.jscomp.CompilerOptions,<init>,708
80,com.google.javascript.jscomp.CompilerOptions,<init>,709
80,com.google.javascript.jscomp.CompilerOptions,<init>,710
80,com.google.javascript.jscomp.CompilerOptions,<init>,711
80,com.google.javascript.jscomp.CompilerOptions,<init>,712
80,com.google.javascript.jscomp.CompilerOptions,<init>,713
80,com.google.javascript.jscomp.CompilerOptions,<init>,714
80,com.google.javascript.jscomp.CompilerOptions,<init>,715
80,com.google.javascript.jscomp.CompilerOptions,<init>,716
80,com.google.javascript.jscomp.CompilerOptions,<init>,717
80,com.google.javascript.jscomp.CompilerOptions,<init>,718
80,com.google.javascript.jscomp.CompilerOptions,<init>,721
80,com.google.javascript.jscomp.CompilerOptions,<init>,722
80,com.google.javascript.jscomp.CompilerOptions,<init>,723
80,com.google.javascript.jscomp.CompilerOptions,<init>,724
80,com.google.javascript.jscomp.CompilerOptions,<init>,725
80,com.google.javascript.jscomp.CompilerOptions,<init>,726
80,com.google.javascript.jscomp.CompilerOptions,<init>,727
80,com.google.javascript.jscomp.CompilerOptions,<init>,728
80,com.google.javascript.jscomp.CompilerOptions,<init>,729
80,com.google.javascript.jscomp.CompilerOptions,<init>,730
80,com.google.javascript.jscomp.CompilerOptions,<init>,731
80,com.google.javascript.jscomp.CompilerOptions,<init>,732
80,com.google.javascript.jscomp.CompilerOptions,<init>,733
80,com.google.javascript.jscomp.CompilerOptions,<init>,734
80,com.google.javascript.jscomp.CompilerOptions,<init>,735
80,com.google.javascript.jscomp.CompilerOptions,<init>,736
80,com.google.javascript.jscomp.CompilerOptions,<init>,737
80,com.google.javascript.jscomp.CompilerOptions,<init>,738
80,com.google.javascript.jscomp.CompilerOptions,<init>,739
80,com.google.javascript.jscomp.CompilerOptions,<init>,740
80,com.google.javascript.jscomp.CompilerOptions,<init>,741
80,com.google.javascript.jscomp.CompilerOptions,<init>,742
80,com.google.javascript.jscomp.CompilerOptions,<init>,743
80,com.google.javascript.jscomp.CompilerOptions,<init>,744
80,com.google.javascript.jscomp.CompilerOptions,<init>,745
80,com.google.javascript.jscomp.CompilerOptions,<init>,746
80,com.google.javascript.jscomp.CompilerOptions,<init>,747
80,com.google.javascript.jscomp.CompilerOptions,<init>,748
80,com.google.javascript.jscomp.CompilerOptions,<init>,749
80,com.google.javascript.jscomp.CompilerOptions,<init>,750
80,com.google.javascript.jscomp.CompilerOptions,<init>,751
80,com.google.javascript.jscomp.CompilerOptions,<init>,752
80,com.google.javascript.jscomp.CompilerOptions,<init>,753
80,com.google.javascript.jscomp.CompilerOptions,<init>,756
80,com.google.javascript.jscomp.CompilerOptions,<init>,757
80,com.google.javascript.jscomp.CompilerOptions,<init>,758
80,com.google.javascript.jscomp.CompilerOptions,<init>,759
80,com.google.javascript.jscomp.CompilerOptions,<init>,760
80,com.google.javascript.jscomp.CompilerOptions,<init>,761
80,com.google.javascript.jscomp.CompilerOptions,<init>,762
80,com.google.javascript.jscomp.CompilerOptions,<init>,763
80,com.google.javascript.jscomp.CompilerOptions,<init>,764
80,com.google.javascript.jscomp.CompilerOptions,<init>,765
80,com.google.javascript.jscomp.CompilerOptions,<init>,766
80,com.google.javascript.jscomp.CompilerOptions,<init>,767
80,com.google.javascript.jscomp.CompilerOptions,<init>,768
80,com.google.javascript.jscomp.CompilerOptions,<init>,769
80,com.google.javascript.jscomp.CompilerOptions,getCodingConvention,1016
80,com.google.javascript.jscomp.CompilerOptions,getWarningsGuard,904
80,com.google.javascript.jscomp.CompilerOptions,shouldColorizeErrorOutput,986
80,com.google.javascript.jscomp.CompilerOptions$DevMode,<clinit>,1114
80,com.google.javascript.jscomp.CompilerOptions$DevMode,<clinit>,1118
80,com.google.javascript.jscomp.CompilerOptions$DevMode,<clinit>,1123
80,com.google.javascript.jscomp.CompilerOptions$DevMode,<clinit>,1128
80,com.google.javascript.jscomp.CompilerOptions$DevMode,<clinit>,1133
80,com.google.javascript.jscomp.CompilerOptions$LanguageMode,<clinit>,1101
80,com.google.javascript.jscomp.CompilerOptions$LanguageMode,<clinit>,1105
80,com.google.javascript.jscomp.CompilerOptions$LanguageMode,<clinit>,1110
80,com.google.javascript.jscomp.CompilerOptions$TracerMode,<clinit>,1136
80,com.google.javascript.jscomp.CompilerOptions$TracerMode,<clinit>,1137
80,com.google.javascript.jscomp.CompilerOptions$TracerMode,<clinit>,1138
80,com.google.javascript.jscomp.CompilerOptions$TracerMode,<clinit>,1139
80,com.google.javascript.jscomp.CompilerOptions$TracerMode,isOn,1142
80,com.google.javascript.jscomp.CompilerOptions$TweakProcessing,<clinit>,1146
80,com.google.javascript.jscomp.CompilerOptions$TweakProcessing,<clinit>,1147
80,com.google.javascript.jscomp.CompilerOptions$TweakProcessing,<clinit>,1148
80,com.google.javascript.jscomp.CompilerOptions$TweakProcessing,<clinit>,1149
80,com.google.javascript.jscomp.ComposeWarningsGuard,<clinit>,38
80,com.google.javascript.jscomp.ComposeWarningsGuard,<init>,46
80,com.google.javascript.jscomp.ComposeWarningsGuard,<init>,47
80,com.google.javascript.jscomp.ComposeWarningsGuard,<init>,48
80,com.google.javascript.jscomp.ComposeWarningsGuard,<init>,49
80,com.google.javascript.jscomp.ComposeWarningsGuard,addGuard,56
80,com.google.javascript.jscomp.ComposeWarningsGuard,addGuard,60
80,com.google.javascript.jscomp.ComposeWarningsGuard,addGuard,61
80,com.google.javascript.jscomp.ComposeWarningsGuard,addGuard,62
80,com.google.javascript.jscomp.ComposeWarningsGuard,addGuard,64
80,com.google.javascript.jscomp.ComposeWarningsGuard,addGuard,66
80,com.google.javascript.jscomp.ComposeWarningsGuard,addGuards,69
80,com.google.javascript.jscomp.ComposeWarningsGuard,addGuards,70
80,com.google.javascript.jscomp.ComposeWarningsGuard,addGuards,71
80,com.google.javascript.jscomp.ComposeWarningsGuard,addGuards,72
80,com.google.javascript.jscomp.ComposeWarningsGuard$1,compare,42
80,com.google.javascript.jscomp.ComposeWarningsGuard$1,compare,39
80,com.google.javascript.jscomp.DefaultCodingConvention,<init>,32
80,com.google.javascript.jscomp.DiagnosticGroup,<clinit>,53
80,com.google.javascript.jscomp.DiagnosticGroup,<init>,67
80,com.google.javascript.jscomp.DiagnosticGroup,<init>,68
80,com.google.javascript.jscomp.DiagnosticGroup,<init>,70
80,com.google.javascript.jscomp.DiagnosticGroup,<init>,71
80,com.google.javascript.jscomp.DiagnosticGroup,<init>,74
80,com.google.javascript.jscomp.DiagnosticGroup,<init>,75
80,com.google.javascript.jscomp.DiagnosticGroup,<init>,41
80,com.google.javascript.jscomp.DiagnosticGroup,<init>,42
80,com.google.javascript.jscomp.DiagnosticGroup,<init>,43
80,com.google.javascript.jscomp.DiagnosticGroupWarningsGuard,<init>,31
80,com.google.javascript.jscomp.DiagnosticGroupWarningsGuard,<init>,32
80,com.google.javascript.jscomp.DiagnosticGroupWarningsGuard,<init>,33
80,com.google.javascript.jscomp.DiagnosticGroupWarningsGuard,<init>,34
80,com.google.javascript.jscomp.DiagnosticGroups,<clinit>,34
80,com.google.javascript.jscomp.DiagnosticGroups,<clinit>,63
80,com.google.javascript.jscomp.DiagnosticGroups,<clinit>,73
80,com.google.javascript.jscomp.DiagnosticGroups,<clinit>,82
80,com.google.javascript.jscomp.DiagnosticGroups,<clinit>,86
80,com.google.javascript.jscomp.DiagnosticGroups,<clinit>,90
80,com.google.javascript.jscomp.DiagnosticGroups,<clinit>,94
80,com.google.javascript.jscomp.DiagnosticGroups,<clinit>,98
80,com.google.javascript.jscomp.DiagnosticGroups,<clinit>,103
80,com.google.javascript.jscomp.DiagnosticGroups,<clinit>,108
80,com.google.javascript.jscomp.DiagnosticGroups,<clinit>,112
80,com.google.javascript.jscomp.DiagnosticGroups,<clinit>,116
80,com.google.javascript.jscomp.DiagnosticGroups,<clinit>,122
80,com.google.javascript.jscomp.DiagnosticGroups,<clinit>,126
80,com.google.javascript.jscomp.DiagnosticGroups,<clinit>,130
80,com.google.javascript.jscomp.DiagnosticGroups,<clinit>,135
80,com.google.javascript.jscomp.DiagnosticGroups,<clinit>,141
80,com.google.javascript.jscomp.DiagnosticGroups,<clinit>,147
80,com.google.javascript.jscomp.DiagnosticGroups,<init>,32
80,com.google.javascript.jscomp.DiagnosticGroups,getRegisteredGroups,45
80,com.google.javascript.jscomp.DiagnosticGroups,registerGroup,39
80,com.google.javascript.jscomp.DiagnosticGroups,registerGroup,40
80,com.google.javascript.jscomp.DiagnosticType,<init>,93
80,com.google.javascript.jscomp.DiagnosticType,<init>,94
80,com.google.javascript.jscomp.DiagnosticType,<init>,95
80,com.google.javascript.jscomp.DiagnosticType,<init>,96
80,com.google.javascript.jscomp.DiagnosticType,<init>,98
80,com.google.javascript.jscomp.DiagnosticType,<init>,99
80,com.google.javascript.jscomp.DiagnosticType,disabled,73
80,com.google.javascript.jscomp.DiagnosticType,error,50
80,com.google.javascript.jscomp.DiagnosticType,make,86
80,com.google.javascript.jscomp.DiagnosticType,warning,61
80,com.google.javascript.jscomp.ErrorFormat,<clinit>,24
80,com.google.javascript.jscomp.ErrorFormat,<clinit>,25
80,com.google.javascript.jscomp.ErrorFormat,<clinit>,34
80,com.google.javascript.jscomp.ErrorFormat,<clinit>,44
80,com.google.javascript.jscomp.ErrorFormat,<clinit>,54
80,com.google.javascript.jscomp.ErrorFormat$1,<init>,25
80,com.google.javascript.jscomp.ErrorFormat$2,<init>,34
80,com.google.javascript.jscomp.ErrorFormat$2,toFormatter,38
80,com.google.javascript.jscomp.ErrorFormat$2,toFormatter,40
80,com.google.javascript.jscomp.ErrorFormat$2,toFormatter,41
80,com.google.javascript.jscomp.ErrorFormat$3,<init>,44
80,com.google.javascript.jscomp.ErrorFormat$4,<init>,54
80,com.google.javascript.jscomp.FunctionTypeBuilder,<clinit>,87
80,com.google.javascript.jscomp.FunctionTypeBuilder,<clinit>,91
80,com.google.javascript.jscomp.FunctionTypeBuilder,<clinit>,95
80,com.google.javascript.jscomp.FunctionTypeBuilder,<clinit>,99
80,com.google.javascript.jscomp.FunctionTypeBuilder,<clinit>,104
80,com.google.javascript.jscomp.FunctionTypeBuilder,<clinit>,108
80,com.google.javascript.jscomp.FunctionTypeBuilder,<clinit>,112
80,com.google.javascript.jscomp.FunctionTypeBuilder,<clinit>,116
80,com.google.javascript.jscomp.FunctionTypeBuilder,<clinit>,122
80,com.google.javascript.jscomp.FunctionTypeBuilder,<clinit>,126
80,com.google.javascript.jscomp.FunctionTypeBuilder,<clinit>,130
80,com.google.javascript.jscomp.JSSourceFile,<init>,72
80,com.google.javascript.jscomp.JSSourceFile,<init>,73
80,com.google.javascript.jscomp.JSSourceFile,<init>,74
80,com.google.javascript.jscomp.JSSourceFile,fromCode,55
80,com.google.javascript.jscomp.JSSourceFile,getCode,78
80,com.google.javascript.jscomp.JsAst,<clinit>,35
80,com.google.javascript.jscomp.JsAst,<init>,42
80,com.google.javascript.jscomp.JsAst,<init>,43
80,com.google.javascript.jscomp.JsAst,<init>,44
80,com.google.javascript.jscomp.JsAst,<init>,45
80,com.google.javascript.jscomp.JsAst,createAst,77
80,com.google.javascript.jscomp.JsAst,createAst,81
80,com.google.javascript.jscomp.JsAst,createAst,82
80,com.google.javascript.jscomp.JsAst,getAstRoot,49
80,com.google.javascript.jscomp.JsAst,getAstRoot,50
80,com.google.javascript.jscomp.JsAst,getAstRoot,52
80,com.google.javascript.jscomp.JsAst,parse,87
80,com.google.javascript.jscomp.JsAst,parse,88
80,com.google.javascript.jscomp.JsAst,parse,94
80,com.google.javascript.jscomp.JsAst,parse,96
80,com.google.javascript.jscomp.JsAst,parse,100
80,com.google.javascript.jscomp.JsAst,parse,105
80,com.google.javascript.jscomp.JsAst,parse,106
80,com.google.javascript.jscomp.LightweightMessageFormatter,<clinit>,32
80,com.google.javascript.jscomp.LightweightMessageFormatter,<init>,44
80,com.google.javascript.jscomp.LightweightMessageFormatter,<init>,45
80,com.google.javascript.jscomp.LightweightMessageFormatter,<init>,49
80,com.google.javascript.jscomp.LightweightMessageFormatter,<init>,50
80,com.google.javascript.jscomp.LightweightMessageFormatter,<init>,51
80,com.google.javascript.jscomp.LightweightMessageFormatter,<init>,52
80,com.google.javascript.jscomp.LightweightMessageFormatter$LineNumberingFormatter,<init>,118
80,com.google.javascript.jscomp.LoggerErrorManager,<init>,37
80,com.google.javascript.jscomp.LoggerErrorManager,<init>,38
80,com.google.javascript.jscomp.LoggerErrorManager,<init>,39
80,com.google.javascript.jscomp.LoggerErrorManager,<init>,40
80,com.google.javascript.jscomp.NodeTraversal,<clinit>,45
80,com.google.javascript.jscomp.NodeTraversal,<init>,196
80,com.google.javascript.jscomp.NodeTraversal,<init>,197
80,com.google.javascript.jscomp.NodeTraversal,<init>,53
80,com.google.javascript.jscomp.NodeTraversal,<init>,59
80,com.google.javascript.jscomp.NodeTraversal,<init>,68
80,com.google.javascript.jscomp.NodeTraversal,<init>,204
80,com.google.javascript.jscomp.NodeTraversal,<init>,205
80,com.google.javascript.jscomp.NodeTraversal,<init>,206
80,com.google.javascript.jscomp.NodeTraversal,<init>,209
80,com.google.javascript.jscomp.NodeTraversal,<init>,210
80,com.google.javascript.jscomp.NodeTraversal,<init>,211
80,com.google.javascript.jscomp.NodeTraversal,<init>,212
80,com.google.javascript.jscomp.NodeTraversal,getSourceName,614
80,com.google.javascript.jscomp.NodeTraversal,getSourceName,615
80,com.google.javascript.jscomp.NodeTraversal,popScope,543
80,com.google.javascript.jscomp.NodeTraversal,popScope,546
80,com.google.javascript.jscomp.NodeTraversal,popScope,549
80,com.google.javascript.jscomp.NodeTraversal,popScope,551
80,com.google.javascript.jscomp.NodeTraversal,popScope,552
80,com.google.javascript.jscomp.NodeTraversal,pushScope,523
80,com.google.javascript.jscomp.NodeTraversal,pushScope,524
80,com.google.javascript.jscomp.NodeTraversal,pushScope,525
80,com.google.javascript.jscomp.NodeTraversal,pushScope,526
80,com.google.javascript.jscomp.NodeTraversal,pushScope,529
80,com.google.javascript.jscomp.NodeTraversal,traverse,421
80,com.google.javascript.jscomp.NodeTraversal,traverse,422
80,com.google.javascript.jscomp.NodeTraversal,traverse,423
80,com.google.javascript.jscomp.NodeTraversal,traverse,246
80,com.google.javascript.jscomp.NodeTraversal,traverse,247
80,com.google.javascript.jscomp.NodeTraversal,traverse,248
80,com.google.javascript.jscomp.NodeTraversal,traverse,249
80,com.google.javascript.jscomp.NodeTraversal,traverse,250
80,com.google.javascript.jscomp.NodeTraversal,traverse,253
80,com.google.javascript.jscomp.NodeTraversal,traverse,254
80,com.google.javascript.jscomp.NodeTraversal,traverseBranch,439
80,com.google.javascript.jscomp.NodeTraversal,traverseBranch,440
80,com.google.javascript.jscomp.NodeTraversal,traverseBranch,441
80,com.google.javascript.jscomp.NodeTraversal,traverseBranch,444
80,com.google.javascript.jscomp.NodeTraversal,traverseBranch,445
80,com.google.javascript.jscomp.NodeTraversal,traverseBranch,447
80,com.google.javascript.jscomp.NodeTraversal,traverseBranch,449
80,com.google.javascript.jscomp.NodeTraversal,traverseBranch,450
80,com.google.javascript.jscomp.NodeTraversal,traverseBranch,453
80,com.google.javascript.jscomp.NodeTraversal,traverseBranch,456
80,com.google.javascript.jscomp.NodeTraversal,traverseBranch,457
80,com.google.javascript.jscomp.NodeTraversal,traverseBranch,458
80,com.google.javascript.jscomp.NodeTraversal,traverseBranch,459
80,com.google.javascript.jscomp.NodeTraversal,traverseBranch,463
80,com.google.javascript.jscomp.NodeTraversal,traverseBranch,464
80,com.google.javascript.jscomp.NodeTraversal,traverseBranch,465
80,com.google.javascript.jscomp.NodeTraversal,traverseFunction,471
80,com.google.javascript.jscomp.NodeTraversal,traverseFunction,472
80,com.google.javascript.jscomp.NodeTraversal,traverseFunction,474
80,com.google.javascript.jscomp.NodeTraversal,traverseFunction,476
80,com.google.javascript.jscomp.NodeTraversal,traverseFunction,479
80,com.google.javascript.jscomp.NodeTraversal,traverseFunction,481
80,com.google.javascript.jscomp.NodeTraversal,traverseFunction,484
80,com.google.javascript.jscomp.NodeTraversal,traverseFunction,485
80,com.google.javascript.jscomp.NodeTraversal,traverseFunction,487
80,com.google.javascript.jscomp.NodeTraversal,traverseFunction,493
80,com.google.javascript.jscomp.NodeTraversal,traverseFunction,494
80,com.google.javascript.jscomp.NodeTraversal,traverseFunction,497
80,com.google.javascript.jscomp.NodeTraversal,traverseFunction,500
80,com.google.javascript.jscomp.NodeTraversal,traverseFunction,502
80,com.google.javascript.jscomp.NodeTraversal,traverseFunction,504
80,com.google.javascript.jscomp.NodeTraversal,traverseFunction,505
80,com.google.javascript.jscomp.NodeUtil,<clinit>,52
80,com.google.javascript.jscomp.NodeUtil,<clinit>,742
80,com.google.javascript.jscomp.NodeUtil,<clinit>,745
80,com.google.javascript.jscomp.NodeUtil,<clinit>,747
80,com.google.javascript.jscomp.NodeUtil,<clinit>,749
80,com.google.javascript.jscomp.NodeUtil,containsType,1907
80,com.google.javascript.jscomp.NodeUtil,containsType,1900
80,com.google.javascript.jscomp.NodeUtil,getFunctionInfo,2536
80,com.google.javascript.jscomp.NodeUtil,getFunctionInfo,2537
80,com.google.javascript.jscomp.NodeUtil,getFunctionInfo,2538
80,com.google.javascript.jscomp.NodeUtil,getFunctionInfo,2549
80,com.google.javascript.jscomp.NodeUtil,has,2363
80,com.google.javascript.jscomp.NodeUtil,has,2364
80,com.google.javascript.jscomp.NodeUtil,has,2367
80,com.google.javascript.jscomp.NodeUtil,has,2371
80,com.google.javascript.jscomp.NodeUtil,has,2372
80,com.google.javascript.jscomp.NodeUtil,has,2373
80,com.google.javascript.jscomp.NodeUtil,has,2377
80,com.google.javascript.jscomp.NodeUtil,isFunctionExpression,1683
80,com.google.javascript.jscomp.NodeUtil,isGet,1216
80,com.google.javascript.jscomp.NodeUtil,isStatement,1459
80,com.google.javascript.jscomp.NodeUtil,isStatement,1463
80,com.google.javascript.jscomp.NodeUtil,isStatement,1464
80,com.google.javascript.jscomp.NodeUtil,isStatement,1468
80,com.google.javascript.jscomp.NodeUtil$MatchNodeType,<init>,2284
80,com.google.javascript.jscomp.NodeUtil$MatchNodeType,<init>,2285
80,com.google.javascript.jscomp.NodeUtil$MatchNodeType,<init>,2286
80,com.google.javascript.jscomp.NodeUtil$MatchNodeType,apply,2289
80,com.google.javascript.jscomp.NodeUtil$MatchNodeType,apply,2281
80,com.google.javascript.jscomp.PassFactory,<init>,35
80,com.google.javascript.jscomp.PassFactory,<init>,42
80,com.google.javascript.jscomp.PassFactory,<init>,43
80,com.google.javascript.jscomp.PassFactory,<init>,44
80,com.google.javascript.jscomp.PassFactory,<init>,45
80,com.google.javascript.jscomp.PrepareAst,<init>,41
80,com.google.javascript.jscomp.PrepareAst,<init>,42
80,com.google.javascript.jscomp.PrepareAst,<init>,44
80,com.google.javascript.jscomp.PrepareAst,<init>,45
80,com.google.javascript.jscomp.PrepareAst,<init>,46
80,com.google.javascript.jscomp.PrepareAst,<init>,47
80,com.google.javascript.jscomp.PrepareAst,process,57
80,com.google.javascript.jscomp.PrepareAst,process,64
80,com.google.javascript.jscomp.PrepareAst,process,68
80,com.google.javascript.jscomp.PrepareAst,process,69
80,com.google.javascript.jscomp.PrepareAst,process,73
80,com.google.javascript.jscomp.PrepareAst$PrepareAnnotations,<init>,136
80,com.google.javascript.jscomp.PrepareAst$PrepareAnnotations,<init>,137
80,com.google.javascript.jscomp.PrepareAst$PrepareAnnotations,<init>,138
80,com.google.javascript.jscomp.PrepareAst$PrepareAnnotations,annotateCalls,176
80,com.google.javascript.jscomp.PrepareAst$PrepareAnnotations,annotateCalls,180
80,com.google.javascript.jscomp.PrepareAst$PrepareAnnotations,annotateCalls,181
80,com.google.javascript.jscomp.PrepareAst$PrepareAnnotations,annotateCalls,182
80,com.google.javascript.jscomp.PrepareAst$PrepareAnnotations,annotateCalls,187
80,com.google.javascript.jscomp.PrepareAst$PrepareAnnotations,annotateCalls,191
80,com.google.javascript.jscomp.PrepareAst$PrepareAnnotations,annotateDispatchers,197
80,com.google.javascript.jscomp.PrepareAst$PrepareAnnotations,annotateDispatchers,198
80,com.google.javascript.jscomp.PrepareAst$PrepareAnnotations,annotateDispatchers,205
80,com.google.javascript.jscomp.PrepareAst$PrepareAnnotations,annotateFunctions,235
80,com.google.javascript.jscomp.PrepareAst$PrepareAnnotations,annotateFunctions,239
80,com.google.javascript.jscomp.PrepareAst$PrepareAnnotations,annotateFunctions,240
80,com.google.javascript.jscomp.PrepareAst$PrepareAnnotations,annotateFunctions,241
80,com.google.javascript.jscomp.PrepareAst$PrepareAnnotations,annotateFunctions,256
80,com.google.javascript.jscomp.PrepareAst$PrepareAnnotations,shouldTraverse,142
80,com.google.javascript.jscomp.PrepareAst$PrepareAnnotations,shouldTraverse,145
80,com.google.javascript.jscomp.PrepareAst$PrepareAnnotations,visit,150
80,com.google.javascript.jscomp.PrepareAst$PrepareAnnotations,visit,152
80,com.google.javascript.jscomp.PrepareAst$PrepareAnnotations,visit,153
80,com.google.javascript.jscomp.PrepareAst$PrepareAnnotations,visit,156
80,com.google.javascript.jscomp.PrepareAst$PrepareAnnotations,visit,157
80,com.google.javascript.jscomp.PrepareAst$PrepareAnnotations,visit,160
80,com.google.javascript.jscomp.ProcessDefines,<clinit>,54
80,com.google.javascript.jscomp.ProcessDefines,<clinit>,63
80,com.google.javascript.jscomp.ProcessDefines,<clinit>,68
80,com.google.javascript.jscomp.ProcessDefines,<clinit>,73
80,com.google.javascript.jscomp.ProcessDefines,<clinit>,78
80,com.google.javascript.jscomp.ProcessDefines,<clinit>,83
80,com.google.javascript.jscomp.ProcessDefines,<clinit>,88
80,com.google.javascript.jscomp.ProcessTweaks,<clinit>,55
80,com.google.javascript.jscomp.ProcessTweaks,<clinit>,59
80,com.google.javascript.jscomp.ProcessTweaks,<clinit>,64
80,com.google.javascript.jscomp.ProcessTweaks,<clinit>,69
80,com.google.javascript.jscomp.ProcessTweaks,<clinit>,74
80,com.google.javascript.jscomp.ProcessTweaks,<clinit>,80
80,com.google.javascript.jscomp.ProcessTweaks,<clinit>,85
80,com.google.javascript.jscomp.ProcessTweaks,<clinit>,91
80,com.google.javascript.jscomp.ProcessTweaks,<clinit>,96
80,com.google.javascript.jscomp.ProcessTweaks,<clinit>,187
80,com.google.javascript.jscomp.ProcessTweaks,<clinit>,188
80,com.google.javascript.jscomp.ProcessTweaks,<clinit>,189
80,com.google.javascript.jscomp.ProcessTweaks,<clinit>,191
80,com.google.javascript.jscomp.ProcessTweaks$TweakFunction,<clinit>,105
80,com.google.javascript.jscomp.ProcessTweaks$TweakFunction,<clinit>,106
80,com.google.javascript.jscomp.ProcessTweaks$TweakFunction,<clinit>,108
80,com.google.javascript.jscomp.ProcessTweaks$TweakFunction,<clinit>,109
80,com.google.javascript.jscomp.ProcessTweaks$TweakFunction,<clinit>,110
80,com.google.javascript.jscomp.ProcessTweaks$TweakFunction,<clinit>,111
80,com.google.javascript.jscomp.ProcessTweaks$TweakFunction,<clinit>,112
80,com.google.javascript.jscomp.ProcessTweaks$TweakFunction,<clinit>,113
80,com.google.javascript.jscomp.ProcessTweaks$TweakFunction,<clinit>,114
80,com.google.javascript.jscomp.ProcessTweaks$TweakFunction,<init>,123
80,com.google.javascript.jscomp.ProcessTweaks$TweakFunction,<init>,124
80,com.google.javascript.jscomp.ProcessTweaks$TweakFunction,<init>,137
80,com.google.javascript.jscomp.ProcessTweaks$TweakFunction,<init>,138
80,com.google.javascript.jscomp.ProcessTweaks$TweakFunction,<init>,128
80,com.google.javascript.jscomp.ProcessTweaks$TweakFunction,<init>,129
80,com.google.javascript.jscomp.ProcessTweaks$TweakFunction,<init>,133
80,com.google.javascript.jscomp.ProcessTweaks$TweakFunction,<init>,134
80,com.google.javascript.jscomp.ProcessTweaks$TweakFunction,<init>,142
80,com.google.javascript.jscomp.ProcessTweaks$TweakFunction,<init>,143
80,com.google.javascript.jscomp.ProcessTweaks$TweakFunction,<init>,144
80,com.google.javascript.jscomp.ProcessTweaks$TweakFunction,<init>,145
80,com.google.javascript.jscomp.ProcessTweaks$TweakFunction,<init>,146
80,com.google.javascript.jscomp.ProcessTweaks$TweakFunction,<init>,147
80,com.google.javascript.jscomp.ProcessTweaks$TweakFunction,<init>,148
80,com.google.javascript.jscomp.ProcessTweaks$TweakFunction,getName,164
80,com.google.javascript.jscomp.PropertyRenamingPolicy,<clinit>,22
80,com.google.javascript.jscomp.PropertyRenamingPolicy,<clinit>,26
80,com.google.javascript.jscomp.PropertyRenamingPolicy,<clinit>,32
80,com.google.javascript.jscomp.PropertyRenamingPolicy,<clinit>,38
80,com.google.javascript.jscomp.PropertyRenamingPolicy,<clinit>,46
80,com.google.javascript.jscomp.PropertyRenamingPolicy,<clinit>,49
80,com.google.javascript.jscomp.RhinoErrorReporter,<clinit>,35
80,com.google.javascript.jscomp.RhinoErrorReporter,<clinit>,40
80,com.google.javascript.jscomp.RhinoErrorReporter,<clinit>,43
80,com.google.javascript.jscomp.RhinoErrorReporter,<clinit>,49
80,com.google.javascript.jscomp.RhinoErrorReporter,<clinit>,52
80,com.google.javascript.jscomp.RhinoErrorReporter,<init>,70
80,com.google.javascript.jscomp.RhinoErrorReporter,<init>,71
80,com.google.javascript.jscomp.RhinoErrorReporter,<init>,72
80,com.google.javascript.jscomp.RhinoErrorReporter,<init>,94
80,com.google.javascript.jscomp.RhinoErrorReporter,<init>,33
80,com.google.javascript.jscomp.RhinoErrorReporter,forNewRhino,98
80,com.google.javascript.jscomp.RhinoErrorReporter,forOldRhino,102
80,com.google.javascript.jscomp.RhinoErrorReporter,replacePlaceHolders,66
80,com.google.javascript.jscomp.RhinoErrorReporter,replacePlaceHolders,67
80,com.google.javascript.jscomp.RhinoErrorReporter$NewRhinoErrorReporter,<init>,151
80,com.google.javascript.jscomp.RhinoErrorReporter$NewRhinoErrorReporter,<init>,152
80,com.google.javascript.jscomp.RhinoErrorReporter$NewRhinoErrorReporter,<init>,147
80,com.google.javascript.jscomp.RhinoErrorReporter$OldRhinoErrorReporter,<init>,137
80,com.google.javascript.jscomp.RhinoErrorReporter$OldRhinoErrorReporter,<init>,138
80,com.google.javascript.jscomp.RhinoErrorReporter$OldRhinoErrorReporter,<init>,133
80,com.google.javascript.jscomp.SourceExcerptProvider$SourceExcerpt,<clinit>,28
80,com.google.javascript.jscomp.SourceExcerptProvider$SourceExcerpt,<clinit>,32
80,com.google.javascript.jscomp.SourceExcerptProvider$SourceExcerpt,<clinit>,43
80,com.google.javascript.jscomp.SourceExcerptProvider$SourceExcerpt$1,<init>,32
80,com.google.javascript.jscomp.SourceExcerptProvider$SourceExcerpt$2,<init>,43
80,com.google.javascript.jscomp.SourceFile,<init>,62
80,com.google.javascript.jscomp.SourceFile,<init>,70
80,com.google.javascript.jscomp.SourceFile,<init>,79
80,com.google.javascript.jscomp.SourceFile,<init>,80
80,com.google.javascript.jscomp.SourceFile,<init>,82
80,com.google.javascript.jscomp.SourceFile,<init>,83
80,com.google.javascript.jscomp.SourceFile,<init>,84
80,com.google.javascript.jscomp.SourceFile,access$000,40
80,com.google.javascript.jscomp.SourceFile,fromCode,257
80,com.google.javascript.jscomp.SourceFile,getCode,94
80,com.google.javascript.jscomp.SourceFile,getName,136
80,com.google.javascript.jscomp.SourceFile,setCode,110
80,com.google.javascript.jscomp.SourceFile,setCode,111
80,com.google.javascript.jscomp.SourceFile,setOriginalPath,118
80,com.google.javascript.jscomp.SourceFile,setOriginalPath,119
80,com.google.javascript.jscomp.SourceFile$Preloaded,<init>,297
80,com.google.javascript.jscomp.SourceFile$Preloaded,<init>,298
80,com.google.javascript.jscomp.SourceFile$Preloaded,<init>,301
80,com.google.javascript.jscomp.SourceFile$Preloaded,<init>,302
80,com.google.javascript.jscomp.SourceFile$Preloaded,<init>,303
80,com.google.javascript.jscomp.SourceFile$Preloaded,<init>,304
80,com.google.javascript.jscomp.SourceMap$DetailLevel,<clinit>,52
80,com.google.javascript.jscomp.SourceMap$DetailLevel,<clinit>,55
80,com.google.javascript.jscomp.SourceMap$DetailLevel,<clinit>,62
80,com.google.javascript.jscomp.SourceMap$DetailLevel$1,apply,55
80,com.google.javascript.jscomp.SourceMap$DetailLevel$2,apply,62
80,com.google.javascript.jscomp.SourceMap$Format,<clinit>,35
80,com.google.javascript.jscomp.SourceMap$Format,<clinit>,36
80,com.google.javascript.jscomp.SourceMap$Format,<clinit>,41
80,com.google.javascript.jscomp.SourceMap$Format$1,<init>,36
80,com.google.javascript.jscomp.SourceMap$Format$2,<init>,41
80,com.google.javascript.jscomp.SuppressDocWarningsGuard,<init>,32
80,com.google.javascript.jscomp.SuppressDocWarningsGuard,<init>,38
80,com.google.javascript.jscomp.SuppressDocWarningsGuard,<init>,40
80,com.google.javascript.jscomp.SuppressDocWarningsGuard,<init>,41
80,com.google.javascript.jscomp.SuppressDocWarningsGuard,<init>,46
80,com.google.javascript.jscomp.SuppressDocWarningsGuard,<init>,47
80,com.google.javascript.jscomp.SuppressDocWarningsGuard,getPriority,92
80,com.google.javascript.jscomp.SyntacticScopeCreator,<clinit>,42
80,com.google.javascript.jscomp.SyntacticScopeCreator,<clinit>,47
80,com.google.javascript.jscomp.SyntacticScopeCreator,<init>,55
80,com.google.javascript.jscomp.SyntacticScopeCreator,<init>,56
80,com.google.javascript.jscomp.SyntacticScopeCreator,<init>,57
80,com.google.javascript.jscomp.SyntacticScopeCreator,<init>,58
80,com.google.javascript.jscomp.SyntacticScopeCreator$DefaultRedeclarationHandler,<init>,183
80,com.google.javascript.jscomp.Tracer,<clinit>,180
80,com.google.javascript.jscomp.Tracer,<clinit>,192
80,com.google.javascript.jscomp.Tracer,<clinit>,237
80,com.google.javascript.jscomp.Tracer,<clinit>,645
80,com.google.javascript.jscomp.Tracer,<clinit>,961
80,com.google.javascript.jscomp.Tracer,<init>,250
80,com.google.javascript.jscomp.Tracer,<init>,251
80,com.google.javascript.jscomp.Tracer,<init>,252
80,com.google.javascript.jscomp.Tracer,<init>,253
80,com.google.javascript.jscomp.Tracer,<init>,254
80,com.google.javascript.jscomp.Tracer,<init>,255
80,com.google.javascript.jscomp.Tracer,<init>,265
80,com.google.javascript.jscomp.Tracer,<init>,268
80,com.google.javascript.jscomp.Tracer,<init>,269
80,com.google.javascript.jscomp.Tracer,getThreadTrace,967
80,com.google.javascript.jscomp.Tracer,getThreadTrace,968
80,com.google.javascript.jscomp.Tracer,getThreadTrace,969
80,com.google.javascript.jscomp.Tracer,getThreadTrace,970
80,com.google.javascript.jscomp.Tracer,getThreadTrace,971
80,com.google.javascript.jscomp.Tracer,getThreadTrace,973
80,com.google.javascript.jscomp.Tracer,stop,453
80,com.google.javascript.jscomp.Tracer,stop,421
80,com.google.javascript.jscomp.Tracer,stop,423
80,com.google.javascript.jscomp.Tracer,stop,425
80,com.google.javascript.jscomp.Tracer,stop,426
80,com.google.javascript.jscomp.Tracer$1,<init>,237
80,com.google.javascript.jscomp.Tracer$1,currentTimeMillis,239
80,com.google.javascript.jscomp.Tracer$Stat,access$1000,552
80,com.google.javascript.jscomp.Tracer$ThreadTrace,<init>,713
80,com.google.javascript.jscomp.Tracer$ThreadTrace,<init>,719
80,com.google.javascript.jscomp.Tracer$ThreadTrace,<init>,722
80,com.google.javascript.jscomp.Tracer$ThreadTrace,<init>,725
80,com.google.javascript.jscomp.Tracer$ThreadTrace,<init>,731
80,com.google.javascript.jscomp.Tracer$ThreadTrace,<init>,737
80,com.google.javascript.jscomp.Tracer$ThreadTrace,<init>,743
80,com.google.javascript.jscomp.Tracer$ThreadTrace,<init>,748
80,com.google.javascript.jscomp.Tracer$ThreadTrace,isInitialized,757
80,com.google.javascript.jscomp.TypeCheck,<clinit>,57
80,com.google.javascript.jscomp.TypeCheck,<clinit>,65
80,com.google.javascript.jscomp.TypeCheck,<clinit>,81
80,com.google.javascript.jscomp.TypeCheck,<clinit>,88
80,com.google.javascript.jscomp.TypeCheck,<clinit>,95
80,com.google.javascript.jscomp.TypeCheck,<clinit>,102
80,com.google.javascript.jscomp.TypeCheck,<clinit>,107
80,com.google.javascript.jscomp.TypeCheck,<clinit>,112
80,com.google.javascript.jscomp.TypeCheck,<clinit>,117
80,com.google.javascript.jscomp.TypeCheck,<clinit>,122
80,com.google.javascript.jscomp.TypeCheck,<clinit>,127
80,com.google.javascript.jscomp.TypeCheck,<clinit>,132
80,com.google.javascript.jscomp.TypeCheck,<clinit>,136
80,com.google.javascript.jscomp.TypeCheck,<clinit>,139
80,com.google.javascript.jscomp.TypeCheck,<clinit>,143
80,com.google.javascript.jscomp.TypeCheck,<clinit>,149
80,com.google.javascript.jscomp.TypeCheck,<clinit>,154
80,com.google.javascript.jscomp.TypeCheck,<clinit>,161
80,com.google.javascript.jscomp.TypeCheck,<clinit>,166
80,com.google.javascript.jscomp.TypeCheck,<clinit>,172
80,com.google.javascript.jscomp.TypeCheck,<clinit>,178
80,com.google.javascript.jscomp.TypeCheck,<clinit>,185
80,com.google.javascript.jscomp.TypeCheck,<clinit>,193
80,com.google.javascript.jscomp.TypeCheck,<clinit>,198
80,com.google.javascript.jscomp.TypeCheck,<clinit>,203
80,com.google.javascript.jscomp.TypeCheck,<clinit>,207
80,com.google.javascript.jscomp.TypeCheck,<clinit>,211
80,com.google.javascript.jscomp.TypeCheck,<clinit>,217
80,com.google.javascript.jscomp.TypeCheck,<clinit>,223
80,com.google.javascript.jscomp.TypeValidator,<clinit>,76
80,com.google.javascript.jscomp.TypeValidator,<clinit>,82
80,com.google.javascript.jscomp.TypeValidator,<clinit>,87
80,com.google.javascript.jscomp.TypeValidator,<clinit>,92
80,com.google.javascript.jscomp.TypeValidator,<clinit>,97
80,com.google.javascript.jscomp.TypeValidator,<clinit>,104
80,com.google.javascript.jscomp.TypeValidator,<clinit>,109
80,com.google.javascript.jscomp.TypedScopeCreator,<clinit>,91
80,com.google.javascript.jscomp.TypedScopeCreator,<clinit>,96
80,com.google.javascript.jscomp.TypedScopeCreator,<clinit>,101
80,com.google.javascript.jscomp.TypedScopeCreator,<clinit>,106
80,com.google.javascript.jscomp.TypedScopeCreator,<clinit>,111
80,com.google.javascript.jscomp.TypedScopeCreator,<clinit>,116
80,com.google.javascript.jscomp.TypedScopeCreator,<clinit>,121
80,com.google.javascript.jscomp.TypedScopeCreator,<clinit>,126
80,com.google.javascript.jscomp.VarCheck,<clinit>,36
80,com.google.javascript.jscomp.VarCheck,<clinit>,40
80,com.google.javascript.jscomp.VarCheck,<clinit>,45
80,com.google.javascript.jscomp.VarCheck,<clinit>,50
80,com.google.javascript.jscomp.VarCheck,<clinit>,55
80,com.google.javascript.jscomp.VarCheck,<clinit>,60
80,com.google.javascript.jscomp.VarCheck,<clinit>,65
80,com.google.javascript.jscomp.VariableReferenceCheck,<clinit>,44
80,com.google.javascript.jscomp.VariableReferenceCheck,<clinit>,48
80,com.google.javascript.jscomp.VariableReferenceCheck,<clinit>,52
80,com.google.javascript.jscomp.VariableRenamingPolicy,<clinit>,22
80,com.google.javascript.jscomp.VariableRenamingPolicy,<clinit>,26
80,com.google.javascript.jscomp.VariableRenamingPolicy,<clinit>,31
80,com.google.javascript.jscomp.VariableRenamingPolicy,<clinit>,36
80,com.google.javascript.jscomp.VariableRenamingPolicy,<clinit>,39
80,com.google.javascript.jscomp.WarningsGuard,<init>,43
80,com.google.javascript.jscomp.WarningsGuard,<init>,45
80,com.google.javascript.jscomp.WarningsGuard,getPriority,82
80,com.google.javascript.jscomp.WarningsGuard$Priority,<clinit>,45
80,com.google.javascript.jscomp.WarningsGuard$Priority,<clinit>,46
80,com.google.javascript.jscomp.WarningsGuard$Priority,<clinit>,47
80,com.google.javascript.jscomp.WarningsGuard$Priority,<clinit>,48
80,com.google.javascript.jscomp.WarningsGuard$Priority,<clinit>,49
80,com.google.javascript.jscomp.WarningsGuard$Priority,<clinit>,50
80,com.google.javascript.jscomp.WarningsGuard$Priority,<clinit>,51
80,com.google.javascript.jscomp.WarningsGuard$Priority,<clinit>,52
80,com.google.javascript.jscomp.WarningsGuard$Priority,<init>,56
80,com.google.javascript.jscomp.WarningsGuard$Priority,<init>,57
80,com.google.javascript.jscomp.WarningsGuard$Priority,<init>,58
80,com.google.javascript.jscomp.parsing.Annotation,<clinit>,27
80,com.google.javascript.jscomp.parsing.Annotation,<clinit>,28
80,com.google.javascript.jscomp.parsing.Annotation,<clinit>,29
80,com.google.javascript.jscomp.parsing.Annotation,<clinit>,30
80,com.google.javascript.jscomp.parsing.Annotation,<clinit>,31
80,com.google.javascript.jscomp.parsing.Annotation,<clinit>,32
80,com.google.javascript.jscomp.parsing.Annotation,<clinit>,33
80,com.google.javascript.jscomp.parsing.Annotation,<clinit>,34
80,com.google.javascript.jscomp.parsing.Annotation,<clinit>,35
80,com.google.javascript.jscomp.parsing.Annotation,<clinit>,36
80,com.google.javascript.jscomp.parsing.Annotation,<clinit>,37
80,com.google.javascript.jscomp.parsing.Annotation,<clinit>,38
80,com.google.javascript.jscomp.parsing.Annotation,<clinit>,39
80,com.google.javascript.jscomp.parsing.Annotation,<clinit>,40
80,com.google.javascript.jscomp.parsing.Annotation,<clinit>,41
80,com.google.javascript.jscomp.parsing.Annotation,<clinit>,42
80,com.google.javascript.jscomp.parsing.Annotation,<clinit>,43
80,com.google.javascript.jscomp.parsing.Annotation,<clinit>,44
80,com.google.javascript.jscomp.parsing.Annotation,<clinit>,45
80,com.google.javascript.jscomp.parsing.Annotation,<clinit>,46
80,com.google.javascript.jscomp.parsing.Annotation,<clinit>,47
80,com.google.javascript.jscomp.parsing.Annotation,<clinit>,48
80,com.google.javascript.jscomp.parsing.Annotation,<clinit>,49
80,com.google.javascript.jscomp.parsing.Annotation,<clinit>,50
80,com.google.javascript.jscomp.parsing.Annotation,<clinit>,51
80,com.google.javascript.jscomp.parsing.Annotation,<clinit>,52
80,com.google.javascript.jscomp.parsing.Annotation,<clinit>,53
80,com.google.javascript.jscomp.parsing.Annotation,<clinit>,54
80,com.google.javascript.jscomp.parsing.Annotation,<clinit>,55
80,com.google.javascript.jscomp.parsing.Annotation,<clinit>,56
80,com.google.javascript.jscomp.parsing.Annotation,<clinit>,57
80,com.google.javascript.jscomp.parsing.Annotation,<clinit>,58
80,com.google.javascript.jscomp.parsing.Annotation,<clinit>,59
80,com.google.javascript.jscomp.parsing.Annotation,<clinit>,60
80,com.google.javascript.jscomp.parsing.Annotation,<clinit>,61
80,com.google.javascript.jscomp.parsing.Annotation,<clinit>,62
80,com.google.javascript.jscomp.parsing.Annotation,<clinit>,63
80,com.google.javascript.jscomp.parsing.Annotation,<clinit>,64
80,com.google.javascript.jscomp.parsing.Annotation,<clinit>,65
80,com.google.javascript.jscomp.parsing.Annotation,<clinit>,66
80,com.google.javascript.jscomp.parsing.Annotation,<clinit>,67
80,com.google.javascript.jscomp.parsing.Annotation,<clinit>,68
80,com.google.javascript.jscomp.parsing.Annotation,<clinit>,69
80,com.google.javascript.jscomp.parsing.Annotation,<clinit>,70
80,com.google.javascript.jscomp.parsing.Annotation,<clinit>,72
80,com.google.javascript.jscomp.parsing.Config,<init>,63
80,com.google.javascript.jscomp.parsing.Config,<init>,64
80,com.google.javascript.jscomp.parsing.Config,<init>,65
80,com.google.javascript.jscomp.parsing.Config,<init>,66
80,com.google.javascript.jscomp.parsing.Config,<init>,67
80,com.google.javascript.jscomp.parsing.Config,<init>,68
80,com.google.javascript.jscomp.parsing.Config,<init>,69
80,com.google.javascript.jscomp.parsing.Config,buildAnnotationNames,77
80,com.google.javascript.jscomp.parsing.Config,buildAnnotationNames,79
80,com.google.javascript.jscomp.parsing.Config,buildAnnotationNames,80
80,com.google.javascript.jscomp.parsing.Config,buildAnnotationNames,81
80,com.google.javascript.jscomp.parsing.Config,buildAnnotationNames,83
80,com.google.javascript.jscomp.parsing.Config,buildAnnotationNames,86
80,com.google.javascript.jscomp.parsing.Config,buildAnnotationNames,87
80,com.google.javascript.jscomp.parsing.IRFactory,<init>,85
80,com.google.javascript.jscomp.parsing.IRFactory,<init>,89
80,com.google.javascript.jscomp.parsing.IRFactory,<init>,90
80,com.google.javascript.jscomp.parsing.IRFactory,<init>,92
80,com.google.javascript.jscomp.parsing.IRFactory,<init>,103
80,com.google.javascript.jscomp.parsing.IRFactory,<init>,104
80,com.google.javascript.jscomp.parsing.IRFactory,<init>,105
80,com.google.javascript.jscomp.parsing.IRFactory,<init>,106
80,com.google.javascript.jscomp.parsing.IRFactory,<init>,107
80,com.google.javascript.jscomp.parsing.IRFactory,<init>,108
80,com.google.javascript.jscomp.parsing.IRFactory,<init>,110
80,com.google.javascript.jscomp.parsing.IRFactory,<init>,111
80,com.google.javascript.jscomp.parsing.IRFactory,access$1500,76
80,com.google.javascript.jscomp.parsing.IRFactory,createTemplateNode,118
80,com.google.javascript.jscomp.parsing.IRFactory,createTemplateNode,119
80,com.google.javascript.jscomp.parsing.IRFactory,createTemplateNode,120
80,com.google.javascript.jscomp.parsing.IRFactory,handleJsDoc,193
80,com.google.javascript.jscomp.parsing.IRFactory,handleJsDoc,194
80,com.google.javascript.jscomp.parsing.IRFactory,handleJsDoc,201
80,com.google.javascript.jscomp.parsing.IRFactory,justTransform,273
80,com.google.javascript.jscomp.parsing.IRFactory,newNode,1217
80,com.google.javascript.jscomp.parsing.IRFactory,newNode,1221
80,com.google.javascript.jscomp.parsing.IRFactory,newNode,1229
80,com.google.javascript.jscomp.parsing.IRFactory,newStringNode,1237
80,com.google.javascript.jscomp.parsing.IRFactory,position2charno,263
80,com.google.javascript.jscomp.parsing.IRFactory,position2charno,264
80,com.google.javascript.jscomp.parsing.IRFactory,position2charno,265
80,com.google.javascript.jscomp.parsing.IRFactory,setFileOverviewJsDoc,148
80,com.google.javascript.jscomp.parsing.IRFactory,setFileOverviewJsDoc,149
80,com.google.javascript.jscomp.parsing.IRFactory,setFileOverviewJsDoc,156
80,com.google.javascript.jscomp.parsing.IRFactory,transform,205
80,com.google.javascript.jscomp.parsing.IRFactory,transform,206
80,com.google.javascript.jscomp.parsing.IRFactory,transform,207
80,com.google.javascript.jscomp.parsing.IRFactory,transform,212
80,com.google.javascript.jscomp.parsing.IRFactory,transform,214
80,com.google.javascript.jscomp.parsing.IRFactory,transform,215
80,com.google.javascript.jscomp.parsing.IRFactory,transform,217
80,com.google.javascript.jscomp.parsing.IRFactory,transform,221
80,com.google.javascript.jscomp.parsing.IRFactory,transform,222
80,com.google.javascript.jscomp.parsing.IRFactory,transform,223
80,com.google.javascript.jscomp.parsing.IRFactory,transform,224
80,com.google.javascript.jscomp.parsing.IRFactory,transform,227
80,com.google.javascript.jscomp.parsing.IRFactory,transformTokenType,903
80,com.google.javascript.jscomp.parsing.IRFactory,transformTokenType,981
80,com.google.javascript.jscomp.parsing.IRFactory,transformTokenType,989
80,com.google.javascript.jscomp.parsing.IRFactory,transformTokenType,991
80,com.google.javascript.jscomp.parsing.IRFactory,transformTokenType,1157
80,com.google.javascript.jscomp.parsing.IRFactory,transformTokenType,1166
80,com.google.javascript.jscomp.parsing.IRFactory,transformTree,127
80,com.google.javascript.jscomp.parsing.IRFactory,transformTree,129
80,com.google.javascript.jscomp.parsing.IRFactory,transformTree,131
80,com.google.javascript.jscomp.parsing.IRFactory,transformTree,139
80,com.google.javascript.jscomp.parsing.IRFactory,transformTree,141
80,com.google.javascript.jscomp.parsing.IRFactory$TransformDispatcher,<init>,276
80,com.google.javascript.jscomp.parsing.IRFactory$TransformDispatcher,isDirective,388
80,com.google.javascript.jscomp.parsing.IRFactory$TransformDispatcher,isDirective,390
80,com.google.javascript.jscomp.parsing.IRFactory$TransformDispatcher,isDirective,391
80,com.google.javascript.jscomp.parsing.IRFactory$TransformDispatcher,parseDirectives,372
80,com.google.javascript.jscomp.parsing.IRFactory$TransformDispatcher,parseDirectives,373
80,com.google.javascript.jscomp.parsing.IRFactory$TransformDispatcher,parseDirectives,382
80,com.google.javascript.jscomp.parsing.IRFactory$TransformDispatcher,parseDirectives,385
80,com.google.javascript.jscomp.parsing.IRFactory$TransformDispatcher,processAstRoot,353
80,com.google.javascript.jscomp.parsing.IRFactory$TransformDispatcher,processAstRoot,354
80,com.google.javascript.jscomp.parsing.IRFactory$TransformDispatcher,processAstRoot,355
80,com.google.javascript.jscomp.parsing.IRFactory$TransformDispatcher,processAstRoot,356
80,com.google.javascript.jscomp.parsing.IRFactory$TransformDispatcher,processAstRoot,357
80,com.google.javascript.jscomp.parsing.IRFactory$TransformDispatcher,processAstRoot,358
80,com.google.javascript.jscomp.parsing.IRFactory$TransformDispatcher,processBlock,398
80,com.google.javascript.jscomp.parsing.IRFactory$TransformDispatcher,processConditionalExpression,429
80,com.google.javascript.jscomp.parsing.IRFactory$TransformDispatcher,processExpressionStatement,472
80,com.google.javascript.jscomp.parsing.IRFactory$TransformDispatcher,processExpressionStatement,473
80,com.google.javascript.jscomp.parsing.IRFactory$TransformDispatcher,processExpressionStatement,474
80,com.google.javascript.jscomp.parsing.IRFactory$TransformDispatcher,processFunctionCall,499
80,com.google.javascript.jscomp.parsing.IRFactory$TransformDispatcher,processFunctionCall,501
80,com.google.javascript.jscomp.parsing.IRFactory$TransformDispatcher,processFunctionCall,505
80,com.google.javascript.jscomp.parsing.IRFactory$TransformDispatcher,processFunctionCall,506
80,com.google.javascript.jscomp.parsing.IRFactory$TransformDispatcher,processFunctionCall,507
80,com.google.javascript.jscomp.parsing.IRFactory$TransformDispatcher,processFunctionCall,508
80,com.google.javascript.jscomp.parsing.IRFactory$TransformDispatcher,processFunctionNode,513
80,com.google.javascript.jscomp.parsing.IRFactory$TransformDispatcher,processFunctionNode,514
80,com.google.javascript.jscomp.parsing.IRFactory$TransformDispatcher,processFunctionNode,515
80,com.google.javascript.jscomp.parsing.IRFactory$TransformDispatcher,processFunctionNode,520
80,com.google.javascript.jscomp.parsing.IRFactory$TransformDispatcher,processFunctionNode,521
80,com.google.javascript.jscomp.parsing.IRFactory$TransformDispatcher,processFunctionNode,522
80,com.google.javascript.jscomp.parsing.IRFactory$TransformDispatcher,processFunctionNode,534
80,com.google.javascript.jscomp.parsing.IRFactory$TransformDispatcher,processFunctionNode,535
80,com.google.javascript.jscomp.parsing.IRFactory$TransformDispatcher,processFunctionNode,542
80,com.google.javascript.jscomp.parsing.IRFactory$TransformDispatcher,processFunctionNode,543
80,com.google.javascript.jscomp.parsing.IRFactory$TransformDispatcher,processFunctionNode,544
80,com.google.javascript.jscomp.parsing.IRFactory$TransformDispatcher,processFunctionNode,548
80,com.google.javascript.jscomp.parsing.IRFactory$TransformDispatcher,processFunctionNode,551
80,com.google.javascript.jscomp.parsing.IRFactory$TransformDispatcher,processFunctionNode,552
80,com.google.javascript.jscomp.parsing.IRFactory$TransformDispatcher,processFunctionNode,555
80,com.google.javascript.jscomp.parsing.IRFactory$TransformDispatcher,processFunctionNode,557
80,com.google.javascript.jscomp.parsing.IRFactory$TransformDispatcher,processFunctionNode,558
80,com.google.javascript.jscomp.parsing.IRFactory$TransformDispatcher,processFunctionNode,559
80,com.google.javascript.jscomp.parsing.IRFactory$TransformDispatcher,processFunctionNode,560
80,com.google.javascript.jscomp.parsing.IRFactory$TransformDispatcher,processGeneric,279
80,com.google.javascript.jscomp.parsing.IRFactory$TransformDispatcher,processGeneric,280
80,com.google.javascript.jscomp.parsing.IRFactory$TransformDispatcher,processGeneric,283
80,com.google.javascript.jscomp.parsing.IRFactory$TransformDispatcher,processKeywordLiteral,593
80,com.google.javascript.jscomp.parsing.IRFactory$TransformDispatcher,processName,626
80,com.google.javascript.jscomp.parsing.IRFactory$TransformDispatcher,processParenthesizedExpression,676
80,com.google.javascript.jscomp.parsing.IRFactory$TransformDispatcher,processParenthesizedExpression,677
80,com.google.javascript.jscomp.parsing.IRFactory$TransformDispatcher,processParenthesizedExpression,678
80,com.google.javascript.jscomp.parsing.ParserRunner,<clinit>,39
80,com.google.javascript.jscomp.parsing.ParserRunner,<clinit>,41
80,com.google.javascript.jscomp.parsing.ParserRunner,createConfig,52
80,com.google.javascript.jscomp.parsing.ParserRunner,createConfig,53
80,com.google.javascript.jscomp.parsing.ParserRunner,extractList,67
80,com.google.javascript.jscomp.parsing.ParserRunner,extractList,68
80,com.google.javascript.jscomp.parsing.ParserRunner,extractList,69
80,com.google.javascript.jscomp.parsing.ParserRunner,extractList,70
80,com.google.javascript.jscomp.parsing.ParserRunner,extractList,72
80,com.google.javascript.jscomp.parsing.ParserRunner,initResourceConfig,57
80,com.google.javascript.jscomp.parsing.ParserRunner,initResourceConfig,58
80,com.google.javascript.jscomp.parsing.ParserRunner,initResourceConfig,61
80,com.google.javascript.jscomp.parsing.ParserRunner,initResourceConfig,62
80,com.google.javascript.jscomp.parsing.ParserRunner,initResourceConfig,63
80,com.google.javascript.jscomp.parsing.ParserRunner,initResourceConfig,64
80,com.google.javascript.jscomp.parsing.ParserRunner,parse,90
80,com.google.javascript.jscomp.parsing.ParserRunner,parse,91
80,com.google.javascript.jscomp.parsing.ParserRunner,parse,92
80,com.google.javascript.jscomp.parsing.ParserRunner,parse,93
80,com.google.javascript.jscomp.parsing.ParserRunner,parse,94
80,com.google.javascript.jscomp.parsing.ParserRunner,parse,95
80,com.google.javascript.jscomp.parsing.ParserRunner,parse,96
80,com.google.javascript.jscomp.parsing.ParserRunner,parse,97
80,com.google.javascript.jscomp.parsing.ParserRunner,parse,98
80,com.google.javascript.jscomp.parsing.ParserRunner,parse,103
80,com.google.javascript.jscomp.parsing.ParserRunner,parse,104
80,com.google.javascript.jscomp.parsing.ParserRunner,parse,106
80,com.google.javascript.jscomp.parsing.ParserRunner,parse,110
80,com.google.javascript.jscomp.parsing.ParserRunner,parse,111
80,com.google.javascript.jscomp.parsing.ParserRunner,parse,112
80,com.google.javascript.jscomp.parsing.ParserRunner,parse,113
80,com.google.javascript.jscomp.parsing.ParserRunner,parse,114
80,com.google.javascript.jscomp.parsing.ParserRunner,parse,116
80,com.google.javascript.jscomp.parsing.ParserRunner,parse,118
80,com.google.javascript.jscomp.parsing.TypeSafeDispatcher,<init>,73
80,com.google.javascript.jscomp.parsing.TypeSafeDispatcher,process,119
80,com.google.javascript.jscomp.parsing.TypeSafeDispatcher,process,171
80,com.google.javascript.jscomp.parsing.TypeSafeDispatcher,process,172
80,com.google.javascript.jscomp.parsing.TypeSafeDispatcher,process,184
80,com.google.javascript.jscomp.parsing.TypeSafeDispatcher,process,201
80,com.google.javascript.jscomp.parsing.TypeSafeDispatcher,process,202
80,com.google.javascript.jscomp.parsing.TypeSafeDispatcher,process,216
80,com.google.javascript.jscomp.parsing.TypeSafeDispatcher,process,229
80,com.google.javascript.jscomp.parsing.TypeSafeDispatcher,process,235
80,com.google.javascript.jscomp.parsing.TypeSafeDispatcher,process,241
80,com.google.javascript.jscomp.parsing.TypeSafeDispatcher,process,243
80,com.google.javascript.jscomp.parsing.TypeSafeDispatcher,process,255
80,com.google.javascript.rhino.Context,<clinit>,273
80,com.google.javascript.rhino.Context,<clinit>,407
80,com.google.javascript.rhino.Context,getCurrentContext,400
80,com.google.javascript.rhino.Node,<init>,368
80,com.google.javascript.rhino.Node,<init>,369
80,com.google.javascript.rhino.Node,<init>,370
80,com.google.javascript.rhino.Node,<init>,371
80,com.google.javascript.rhino.Node,<init>,372
80,com.google.javascript.rhino.Node,<init>,374
80,com.google.javascript.rhino.Node,<init>,375
80,com.google.javascript.rhino.Node,<init>,377
80,com.google.javascript.rhino.Node,<init>,380
80,com.google.javascript.rhino.Node,<init>,381
80,com.google.javascript.rhino.Node,<init>,382
80,com.google.javascript.rhino.Node,<init>,383
80,com.google.javascript.rhino.Node,<init>,384
80,com.google.javascript.rhino.Node,<init>,385
80,com.google.javascript.rhino.Node,<init>,386
80,com.google.javascript.rhino.Node,<init>,408
80,com.google.javascript.rhino.Node,<init>,409
80,com.google.javascript.rhino.Node,<init>,410
80,com.google.javascript.rhino.Node,<init>,411
80,com.google.javascript.rhino.Node,<init>,412
80,com.google.javascript.rhino.Node,<init>,413
80,com.google.javascript.rhino.Node,<init>,414
80,com.google.javascript.rhino.Node,<init>,415
80,com.google.javascript.rhino.Node,<init>,416
80,com.google.javascript.rhino.Node,<init>,417
80,com.google.javascript.rhino.Node,<init>,418
80,com.google.javascript.rhino.Node,<init>,419
80,com.google.javascript.rhino.Node,<init>,420
80,com.google.javascript.rhino.Node,<init>,421
80,com.google.javascript.rhino.Node,<init>,422
80,com.google.javascript.rhino.Node,<init>,423
80,com.google.javascript.rhino.Node,<init>,424
80,com.google.javascript.rhino.Node,<init>,425
80,com.google.javascript.rhino.Node,<init>,426
80,com.google.javascript.rhino.Node,addChildToBack,602
80,com.google.javascript.rhino.Node,addChildToBack,603
80,com.google.javascript.rhino.Node,addChildToBack,604
80,com.google.javascript.rhino.Node,addChildToBack,605
80,com.google.javascript.rhino.Node,addChildToBack,606
80,com.google.javascript.rhino.Node,addChildToBack,607
80,com.google.javascript.rhino.Node,addChildToBack,608
80,com.google.javascript.rhino.Node,addChildToBack,610
80,com.google.javascript.rhino.Node,addChildToBack,611
80,com.google.javascript.rhino.Node,addChildToBack,612
80,com.google.javascript.rhino.Node,clonePropsFrom,756
80,com.google.javascript.rhino.Node,clonePropsFrom,758
80,com.google.javascript.rhino.Node,clonePropsFrom,759
80,com.google.javascript.rhino.Node,extractCharno,1173
80,com.google.javascript.rhino.Node,extractCharno,1174
80,com.google.javascript.rhino.Node,extractCharno,1176
80,com.google.javascript.rhino.Node,extractLineno,1161
80,com.google.javascript.rhino.Node,extractLineno,1162
80,com.google.javascript.rhino.Node,extractLineno,1164
80,com.google.javascript.rhino.Node,getCharno,863
80,com.google.javascript.rhino.Node,getChildCount,1345
80,com.google.javascript.rhino.Node,getChildCount,1346
80,com.google.javascript.rhino.Node,getChildCount,1347
80,com.google.javascript.rhino.Node,getChildCount,1349
80,com.google.javascript.rhino.Node,getFirstChild,548
80,com.google.javascript.rhino.Node,getJSDocInfo,1961
80,com.google.javascript.rhino.Node,getJsDocBuilderForNode,1927
80,com.google.javascript.rhino.Node,getLineno,859
80,com.google.javascript.rhino.Node,getNext,556
80,com.google.javascript.rhino.Node,getParent,1267
80,com.google.javascript.rhino.Node,getProp,792
80,com.google.javascript.rhino.Node,getProp,793
80,com.google.javascript.rhino.Node,getProp,794
80,com.google.javascript.rhino.Node,getProp,796
80,com.google.javascript.rhino.Node,getType,536
80,com.google.javascript.rhino.Node,lookupProperty,741
80,com.google.javascript.rhino.Node,lookupProperty,742
80,com.google.javascript.rhino.Node,lookupProperty,743
80,com.google.javascript.rhino.Node,lookupProperty,745
80,com.google.javascript.rhino.Node,mergeLineCharNo,1147
80,com.google.javascript.rhino.Node,mergeLineCharNo,1149
80,com.google.javascript.rhino.Node,mergeLineCharNo,1152
80,com.google.javascript.rhino.Node,newString,524
80,com.google.javascript.rhino.Node,putBooleanProp,831
80,com.google.javascript.rhino.Node,putBooleanProp,832
80,com.google.javascript.rhino.Node,putIntProp,835
80,com.google.javascript.rhino.Node,putIntProp,836
80,com.google.javascript.rhino.Node,putIntProp,837
80,com.google.javascript.rhino.Node,putIntProp,839
80,com.google.javascript.rhino.Node,putProp,824
80,com.google.javascript.rhino.Node,putProp,825
80,com.google.javascript.rhino.Node,putProp,826
80,com.google.javascript.rhino.Node,putProp,828
80,com.google.javascript.rhino.Node,removeProp,763
80,com.google.javascript.rhino.Node,removeProp,764
80,com.google.javascript.rhino.Node,removeProp,765
80,com.google.javascript.rhino.Node,removeProp,767
80,com.google.javascript.rhino.Node,removeProp,776
80,com.google.javascript.rhino.Node,removeProp,777
80,com.google.javascript.rhino.Node,removeProp,778
80,com.google.javascript.rhino.Node,removeProp,779
80,com.google.javascript.rhino.Node,removeProp,781
80,com.google.javascript.rhino.Node,removeProp,782
80,com.google.javascript.rhino.Node,removeProp,783
80,com.google.javascript.rhino.Node,removeProp,786
80,com.google.javascript.rhino.Node,setCharno,1137
80,com.google.javascript.rhino.Node,setCharno,1138
80,com.google.javascript.rhino.Node,setIsSyntheticBlock,2012
80,com.google.javascript.rhino.Node,setIsSyntheticBlock,2013
80,com.google.javascript.rhino.Node,setJSDocInfo,1968
80,com.google.javascript.rhino.Node,setJSDocInfo,1969
80,com.google.javascript.rhino.Node,setLineno,1129
80,com.google.javascript.rhino.Node,setLineno,1130
80,com.google.javascript.rhino.Node,setLineno,1131
80,com.google.javascript.rhino.Node,setLineno,1133
80,com.google.javascript.rhino.Node,setLineno,1134
80,com.google.javascript.rhino.Node$FileLevelJsDocBuilder,<init>,1938
80,com.google.javascript.rhino.Node$PropListItem,<init>,351
80,com.google.javascript.rhino.Node$PropListItem,<init>,352
80,com.google.javascript.rhino.Node$PropListItem,<init>,359
80,com.google.javascript.rhino.Node$PropListItem,<init>,360
80,com.google.javascript.rhino.Node$PropListItem,<init>,361
80,com.google.javascript.rhino.Node$PropListItem,<init>,362
80,com.google.javascript.rhino.Node$PropListItem,<init>,363
80,com.google.javascript.rhino.Node$PropListItem,<init>,364
80,com.google.javascript.rhino.Node$PropListItem,<init>,355
80,com.google.javascript.rhino.Node$PropListItem,<init>,356
80,com.google.javascript.rhino.Node$StringNode,<init>,277
80,com.google.javascript.rhino.Node$StringNode,<init>,278
80,com.google.javascript.rhino.Node$StringNode,<init>,281
80,com.google.javascript.rhino.Node$StringNode,<init>,282
80,com.google.javascript.rhino.Node$StringNode,getString,298
80,com.google.javascript.rhino.ScriptRuntime,<clinit>,82
80,com.google.javascript.rhino.ScriptRuntime,<clinit>,86
80,com.google.javascript.rhino.ScriptRuntime,<clinit>,88
80,com.google.javascript.rhino.ScriptRuntime,<clinit>,608
80,com.google.javascript.rhino.ScriptRuntime,<clinit>,609
80,com.google.javascript.rhino.ScriptRuntime,getMessage,458
80,com.google.javascript.rhino.ScriptRuntime,getMessage,461
80,com.google.javascript.rhino.ScriptRuntime,getMessage,462
80,com.google.javascript.rhino.ScriptRuntime,getMessage,465
80,com.google.javascript.rhino.ScriptRuntime,getMessage,469
80,com.google.javascript.rhino.ScriptRuntime,getMessage,473
80,com.google.javascript.rhino.ScriptRuntime,getMessage,481
80,com.google.javascript.rhino.ScriptRuntime,getMessage,482
80,com.google.javascript.rhino.ScriptRuntime,getMessage0,422
80,com.google.javascript.rhino.jstype.JSType,<clinit>,90
80,com.google.javascript.rhino.jstype.JSType$1,compare,90
80,com.google.javascript.rhino.jstype.ObjectType,createDelegateSuffix,197
